vd	V(out)
-1.000000000000000e-02	2.214696e+00
-9.990000000000001e-03	2.214633e+00
-9.980000000000001e-03	2.214570e+00
-9.970000000000001e-03	2.214506e+00
-9.960000000000002e-03	2.214443e+00
-9.950000000000002e-03	2.214380e+00
-9.940000000000003e-03	2.214317e+00
-9.930000000000003e-03	2.214253e+00
-9.920000000000003e-03	2.214190e+00
-9.910000000000004e-03	2.214126e+00
-9.900000000000004e-03	2.214063e+00
-9.890000000000005e-03	2.213999e+00
-9.880000000000005e-03	2.213936e+00
-9.870000000000006e-03	2.213872e+00
-9.860000000000006e-03	2.213808e+00
-9.850000000000006e-03	2.213744e+00
-9.840000000000007e-03	2.213680e+00
-9.830000000000007e-03	2.213616e+00
-9.820000000000008e-03	2.213552e+00
-9.810000000000008e-03	2.213488e+00
-9.800000000000008e-03	2.213424e+00
-9.790000000000009e-03	2.213360e+00
-9.780000000000009e-03	2.213295e+00
-9.770000000000010e-03	2.213231e+00
-9.760000000000010e-03	2.213166e+00
-9.750000000000010e-03	2.213102e+00
-9.740000000000011e-03	2.213037e+00
-9.730000000000011e-03	2.212973e+00
-9.720000000000012e-03	2.212908e+00
-9.710000000000012e-03	2.212843e+00
-9.700000000000012e-03	2.212778e+00
-9.690000000000013e-03	2.212713e+00
-9.680000000000013e-03	2.212649e+00
-9.670000000000014e-03	2.212584e+00
-9.660000000000014e-03	2.212518e+00
-9.650000000000014e-03	2.212453e+00
-9.640000000000015e-03	2.212388e+00
-9.630000000000015e-03	2.212323e+00
-9.620000000000016e-03	2.212258e+00
-9.610000000000016e-03	2.212192e+00
-9.600000000000017e-03	2.212127e+00
-9.590000000000017e-03	2.212061e+00
-9.580000000000017e-03	2.211996e+00
-9.570000000000018e-03	2.211930e+00
-9.560000000000018e-03	2.211864e+00
-9.550000000000019e-03	2.211798e+00
-9.540000000000019e-03	2.211732e+00
-9.530000000000019e-03	2.211667e+00
-9.520000000000020e-03	2.211601e+00
-9.510000000000020e-03	2.211535e+00
-9.500000000000021e-03	2.211468e+00
-9.490000000000021e-03	2.211402e+00
-9.480000000000021e-03	2.211336e+00
-9.470000000000022e-03	2.211269e+00
-9.460000000000022e-03	2.211203e+00
-9.450000000000023e-03	2.211137e+00
-9.440000000000023e-03	2.211070e+00
-9.430000000000023e-03	2.211003e+00
-9.420000000000024e-03	2.210937e+00
-9.410000000000024e-03	2.210870e+00
-9.400000000000025e-03	2.210803e+00
-9.390000000000025e-03	2.210736e+00
-9.380000000000025e-03	2.210669e+00
-9.370000000000026e-03	2.210602e+00
-9.360000000000026e-03	2.210535e+00
-9.350000000000027e-03	2.210468e+00
-9.340000000000027e-03	2.210401e+00
-9.330000000000028e-03	2.210334e+00
-9.320000000000028e-03	2.210266e+00
-9.310000000000028e-03	2.210199e+00
-9.300000000000029e-03	2.210131e+00
-9.290000000000029e-03	2.210064e+00
-9.280000000000030e-03	2.209996e+00
-9.270000000000030e-03	2.209928e+00
-9.260000000000030e-03	2.209861e+00
-9.250000000000031e-03	2.209793e+00
-9.240000000000031e-03	2.209725e+00
-9.230000000000032e-03	2.209657e+00
-9.220000000000032e-03	2.209589e+00
-9.210000000000032e-03	2.209520e+00
-9.200000000000033e-03	2.209452e+00
-9.190000000000033e-03	2.209384e+00
-9.180000000000034e-03	2.209316e+00
-9.170000000000034e-03	2.209247e+00
-9.160000000000034e-03	2.209179e+00
-9.150000000000035e-03	2.209110e+00
-9.140000000000035e-03	2.209041e+00
-9.130000000000036e-03	2.208973e+00
-9.120000000000036e-03	2.208904e+00
-9.110000000000036e-03	2.208835e+00
-9.100000000000037e-03	2.208766e+00
-9.090000000000037e-03	2.208697e+00
-9.080000000000038e-03	2.208628e+00
-9.070000000000038e-03	2.208559e+00
-9.060000000000039e-03	2.208490e+00
-9.050000000000039e-03	2.208420e+00
-9.040000000000039e-03	2.208351e+00
-9.030000000000040e-03	2.208282e+00
-9.020000000000040e-03	2.208212e+00
-9.010000000000041e-03	2.208142e+00
-9.000000000000041e-03	2.208073e+00
-8.990000000000041e-03	2.208003e+00
-8.980000000000042e-03	2.207933e+00
-8.970000000000042e-03	2.207863e+00
-8.960000000000043e-03	2.207793e+00
-8.950000000000043e-03	2.207723e+00
-8.940000000000043e-03	2.207653e+00
-8.930000000000044e-03	2.207583e+00
-8.920000000000044e-03	2.207512e+00
-8.910000000000045e-03	2.207442e+00
-8.900000000000045e-03	2.207372e+00
-8.890000000000045e-03	2.207301e+00
-8.880000000000046e-03	2.207231e+00
-8.870000000000046e-03	2.207160e+00
-8.860000000000047e-03	2.207089e+00
-8.850000000000047e-03	2.207018e+00
-8.840000000000047e-03	2.206948e+00
-8.830000000000048e-03	2.206877e+00
-8.820000000000048e-03	2.206805e+00
-8.810000000000049e-03	2.206734e+00
-8.800000000000049e-03	2.206663e+00
-8.790000000000050e-03	2.206592e+00
-8.780000000000050e-03	2.206521e+00
-8.770000000000050e-03	2.206449e+00
-8.760000000000051e-03	2.206378e+00
-8.750000000000051e-03	2.206306e+00
-8.740000000000052e-03	2.206234e+00
-8.730000000000052e-03	2.206162e+00
-8.720000000000052e-03	2.206091e+00
-8.710000000000053e-03	2.206019e+00
-8.700000000000053e-03	2.205947e+00
-8.690000000000054e-03	2.205875e+00
-8.680000000000054e-03	2.205802e+00
-8.670000000000054e-03	2.205730e+00
-8.660000000000055e-03	2.205658e+00
-8.650000000000055e-03	2.205585e+00
-8.640000000000056e-03	2.205513e+00
-8.630000000000056e-03	2.205441e+00
-8.620000000000056e-03	2.205368e+00
-8.610000000000057e-03	2.205295e+00
-8.600000000000057e-03	2.205222e+00
-8.590000000000058e-03	2.205149e+00
-8.580000000000058e-03	2.205076e+00
-8.570000000000058e-03	2.205003e+00
-8.560000000000059e-03	2.204930e+00
-8.550000000000059e-03	2.204857e+00
-8.540000000000060e-03	2.204784e+00
-8.530000000000060e-03	2.204710e+00
-8.520000000000061e-03	2.204637e+00
-8.510000000000061e-03	2.204563e+00
-8.500000000000061e-03	2.204490e+00
-8.490000000000062e-03	2.204416e+00
-8.480000000000062e-03	2.204342e+00
-8.470000000000063e-03	2.204268e+00
-8.460000000000063e-03	2.204194e+00
-8.450000000000063e-03	2.204120e+00
-8.440000000000064e-03	2.204046e+00
-8.430000000000064e-03	2.203972e+00
-8.420000000000065e-03	2.203898e+00
-8.410000000000065e-03	2.203823e+00
-8.400000000000065e-03	2.203749e+00
-8.390000000000066e-03	2.203674e+00
-8.380000000000066e-03	2.203600e+00
-8.370000000000067e-03	2.203525e+00
-8.360000000000067e-03	2.203450e+00
-8.350000000000067e-03	2.203375e+00
-8.340000000000068e-03	2.203300e+00
-8.330000000000068e-03	2.203225e+00
-8.320000000000069e-03	2.203150e+00
-8.310000000000069e-03	2.203075e+00
-8.300000000000069e-03	2.202999e+00
-8.290000000000070e-03	2.202924e+00
-8.280000000000070e-03	2.202848e+00
-8.270000000000071e-03	2.202773e+00
-8.260000000000071e-03	2.202697e+00
-8.250000000000072e-03	2.202621e+00
-8.240000000000072e-03	2.202545e+00
-8.230000000000072e-03	2.202469e+00
-8.220000000000073e-03	2.202394e+00
-8.210000000000073e-03	2.202317e+00
-8.200000000000074e-03	2.202241e+00
-8.190000000000074e-03	2.202165e+00
-8.180000000000074e-03	2.202088e+00
-8.170000000000075e-03	2.202012e+00
-8.160000000000075e-03	2.201935e+00
-8.150000000000076e-03	2.201859e+00
-8.140000000000076e-03	2.201782e+00
-8.130000000000076e-03	2.201705e+00
-8.120000000000077e-03	2.201628e+00
-8.110000000000077e-03	2.201551e+00
-8.100000000000078e-03	2.201474e+00
-8.090000000000078e-03	2.201396e+00
-8.080000000000078e-03	2.201319e+00
-8.070000000000079e-03	2.201242e+00
-8.060000000000079e-03	2.201164e+00
-8.050000000000080e-03	2.201087e+00
-8.040000000000080e-03	2.201009e+00
-8.030000000000080e-03	2.200931e+00
-8.020000000000081e-03	2.200853e+00
-8.010000000000081e-03	2.200775e+00
-8.000000000000082e-03	2.200697e+00
-7.990000000000082e-03	2.200619e+00
-7.980000000000083e-03	2.200541e+00
-7.970000000000083e-03	2.200463e+00
-7.960000000000083e-03	2.200384e+00
-7.950000000000084e-03	2.200306e+00
-7.940000000000084e-03	2.200227e+00
-7.930000000000085e-03	2.200148e+00
-7.920000000000085e-03	2.200069e+00
-7.910000000000085e-03	2.199991e+00
-7.900000000000086e-03	2.199911e+00
-7.890000000000086e-03	2.199832e+00
-7.880000000000087e-03	2.199753e+00
-7.870000000000087e-03	2.199674e+00
-7.860000000000087e-03	2.199594e+00
-7.850000000000088e-03	2.199515e+00
-7.840000000000088e-03	2.199435e+00
-7.830000000000089e-03	2.199356e+00
-7.820000000000089e-03	2.199276e+00
-7.810000000000089e-03	2.199196e+00
-7.800000000000090e-03	2.199116e+00
-7.790000000000090e-03	2.199036e+00
-7.780000000000091e-03	2.198956e+00
-7.770000000000091e-03	2.198875e+00
-7.760000000000091e-03	2.198795e+00
-7.750000000000092e-03	2.198714e+00
-7.740000000000092e-03	2.198634e+00
-7.730000000000093e-03	2.198553e+00
-7.720000000000093e-03	2.198472e+00
-7.710000000000094e-03	2.198391e+00
-7.700000000000094e-03	2.198310e+00
-7.690000000000094e-03	2.198229e+00
-7.680000000000095e-03	2.198148e+00
-7.670000000000095e-03	2.198067e+00
-7.660000000000096e-03	2.197985e+00
-7.650000000000096e-03	2.197904e+00
-7.640000000000096e-03	2.197822e+00
-7.630000000000097e-03	2.197741e+00
-7.620000000000097e-03	2.197659e+00
-7.610000000000098e-03	2.197577e+00
-7.600000000000098e-03	2.197495e+00
-7.590000000000098e-03	2.197413e+00
-7.580000000000099e-03	2.197330e+00
-7.570000000000099e-03	2.197248e+00
-7.560000000000100e-03	2.197166e+00
-7.550000000000100e-03	2.197083e+00
-7.540000000000100e-03	2.197001e+00
-7.530000000000101e-03	2.196918e+00
-7.520000000000101e-03	2.196835e+00
-7.510000000000102e-03	2.196752e+00
-7.500000000000102e-03	2.196669e+00
-7.490000000000102e-03	2.196586e+00
-7.480000000000103e-03	2.196502e+00
-7.470000000000103e-03	2.196419e+00
-7.460000000000104e-03	2.196335e+00
-7.450000000000104e-03	2.196252e+00
-7.440000000000105e-03	2.196168e+00
-7.430000000000105e-03	2.196084e+00
-7.420000000000105e-03	2.196000e+00
-7.410000000000106e-03	2.195916e+00
-7.400000000000106e-03	2.195832e+00
-7.390000000000107e-03	2.195748e+00
-7.380000000000107e-03	2.195663e+00
-7.370000000000107e-03	2.195579e+00
-7.360000000000108e-03	2.195494e+00
-7.350000000000108e-03	2.195410e+00
-7.340000000000109e-03	2.195325e+00
-7.330000000000109e-03	2.195240e+00
-7.320000000000109e-03	2.195155e+00
-7.310000000000110e-03	2.195070e+00
-7.300000000000110e-03	2.194984e+00
-7.290000000000111e-03	2.194899e+00
-7.280000000000111e-03	2.194813e+00
-7.270000000000111e-03	2.194728e+00
-7.260000000000112e-03	2.194642e+00
-7.250000000000112e-03	2.194556e+00
-7.240000000000113e-03	2.194470e+00
-7.230000000000113e-03	2.194384e+00
-7.220000000000113e-03	2.194298e+00
-7.210000000000114e-03	2.194212e+00
-7.200000000000114e-03	2.194125e+00
-7.190000000000115e-03	2.194039e+00
-7.180000000000115e-03	2.193952e+00
-7.170000000000116e-03	2.193866e+00
-7.160000000000116e-03	2.193779e+00
-7.150000000000116e-03	2.193692e+00
-7.140000000000117e-03	2.193604e+00
-7.130000000000117e-03	2.193517e+00
-7.120000000000118e-03	2.193430e+00
-7.110000000000118e-03	2.193342e+00
-7.100000000000118e-03	2.193255e+00
-7.090000000000119e-03	2.193167e+00
-7.080000000000119e-03	2.193079e+00
-7.070000000000120e-03	2.192991e+00
-7.060000000000120e-03	2.192903e+00
-7.050000000000120e-03	2.192815e+00
-7.040000000000121e-03	2.192727e+00
-7.030000000000121e-03	2.192638e+00
-7.020000000000122e-03	2.192550e+00
-7.010000000000122e-03	2.192461e+00
-7.000000000000122e-03	2.192373e+00
-6.990000000000123e-03	2.192284e+00
-6.980000000000123e-03	2.192194e+00
-6.970000000000124e-03	2.192105e+00
-6.960000000000124e-03	2.192016e+00
-6.950000000000124e-03	2.191927e+00
-6.940000000000125e-03	2.191837e+00
-6.930000000000125e-03	2.191747e+00
-6.920000000000126e-03	2.191658e+00
-6.910000000000126e-03	2.191568e+00
-6.900000000000127e-03	2.191478e+00
-6.890000000000127e-03	2.191388e+00
-6.880000000000127e-03	2.191297e+00
-6.870000000000128e-03	2.191207e+00
-6.860000000000128e-03	2.191116e+00
-6.850000000000129e-03	2.191026e+00
-6.840000000000129e-03	2.190935e+00
-6.830000000000129e-03	2.190844e+00
-6.820000000000130e-03	2.190753e+00
-6.810000000000130e-03	2.190662e+00
-6.800000000000131e-03	2.190571e+00
-6.790000000000131e-03	2.190479e+00
-6.780000000000131e-03	2.190387e+00
-6.770000000000132e-03	2.190296e+00
-6.760000000000132e-03	2.190204e+00
-6.750000000000133e-03	2.190112e+00
-6.740000000000133e-03	2.190020e+00
-6.730000000000133e-03	2.189928e+00
-6.720000000000134e-03	2.189836e+00
-6.710000000000134e-03	2.189743e+00
-6.700000000000135e-03	2.189650e+00
-6.690000000000135e-03	2.189558e+00
-6.680000000000135e-03	2.189465e+00
-6.670000000000136e-03	2.189372e+00
-6.660000000000136e-03	2.189279e+00
-6.650000000000137e-03	2.189185e+00
-6.640000000000137e-03	2.189092e+00
-6.630000000000138e-03	2.188998e+00
-6.620000000000138e-03	2.188905e+00
-6.610000000000138e-03	2.188811e+00
-6.600000000000139e-03	2.188717e+00
-6.590000000000139e-03	2.188623e+00
-6.580000000000140e-03	2.188529e+00
-6.570000000000140e-03	2.188434e+00
-6.560000000000140e-03	2.188340e+00
-6.550000000000141e-03	2.188245e+00
-6.540000000000141e-03	2.188150e+00
-6.530000000000142e-03	2.188055e+00
-6.520000000000142e-03	2.187960e+00
-6.510000000000142e-03	2.187865e+00
-6.500000000000143e-03	2.187770e+00
-6.490000000000143e-03	2.187674e+00
-6.480000000000144e-03	2.187578e+00
-6.470000000000144e-03	2.187483e+00
-6.460000000000144e-03	2.187387e+00
-6.450000000000145e-03	2.187291e+00
-6.440000000000145e-03	2.187195e+00
-6.430000000000146e-03	2.187098e+00
-6.420000000000146e-03	2.187002e+00
-6.410000000000146e-03	2.186905e+00
-6.400000000000147e-03	2.186808e+00
-6.390000000000147e-03	2.186711e+00
-6.380000000000148e-03	2.186614e+00
-6.370000000000148e-03	2.186517e+00
-6.360000000000149e-03	2.186420e+00
-6.350000000000149e-03	2.186322e+00
-6.340000000000149e-03	2.186224e+00
-6.330000000000150e-03	2.186127e+00
-6.320000000000150e-03	2.186029e+00
-6.310000000000151e-03	2.185931e+00
-6.300000000000151e-03	2.185833e+00
-6.290000000000151e-03	2.185734e+00
-6.280000000000152e-03	2.185636e+00
-6.270000000000152e-03	2.185537e+00
-6.260000000000153e-03	2.185438e+00
-6.250000000000153e-03	2.185339e+00
-6.240000000000153e-03	2.185240e+00
-6.230000000000154e-03	2.185140e+00
-6.220000000000154e-03	2.185041e+00
-6.210000000000155e-03	2.184941e+00
-6.200000000000155e-03	2.184842e+00
-6.190000000000155e-03	2.184742e+00
-6.180000000000156e-03	2.184642e+00
-6.170000000000156e-03	2.184541e+00
-6.160000000000157e-03	2.184441e+00
-6.150000000000157e-03	2.184340e+00
-6.140000000000157e-03	2.184240e+00
-6.130000000000158e-03	2.184139e+00
-6.120000000000158e-03	2.184038e+00
-6.110000000000159e-03	2.183937e+00
-6.100000000000159e-03	2.183835e+00
-6.090000000000160e-03	2.183734e+00
-6.080000000000160e-03	2.183632e+00
-6.070000000000160e-03	2.183530e+00
-6.060000000000161e-03	2.183428e+00
-6.050000000000161e-03	2.183326e+00
-6.040000000000162e-03	2.183224e+00
-6.030000000000162e-03	2.183121e+00
-6.020000000000162e-03	2.183019e+00
-6.010000000000163e-03	2.182916e+00
-6.000000000000163e-03	2.182813e+00
-5.990000000000164e-03	2.182710e+00
-5.980000000000164e-03	2.182606e+00
-5.970000000000164e-03	2.182503e+00
-5.960000000000165e-03	2.182399e+00
-5.950000000000165e-03	2.182296e+00
-5.940000000000166e-03	2.182192e+00
-5.930000000000166e-03	2.182087e+00
-5.920000000000166e-03	2.181983e+00
-5.910000000000167e-03	2.181879e+00
-5.900000000000167e-03	2.181774e+00
-5.890000000000168e-03	2.181669e+00
-5.880000000000168e-03	2.181564e+00
-5.870000000000168e-03	2.181459e+00
-5.860000000000169e-03	2.181354e+00
-5.850000000000169e-03	2.181248e+00
-5.840000000000170e-03	2.181143e+00
-5.830000000000170e-03	2.181037e+00
-5.820000000000171e-03	2.180931e+00
-5.810000000000171e-03	2.180825e+00
-5.800000000000171e-03	2.180718e+00
-5.790000000000172e-03	2.180612e+00
-5.780000000000172e-03	2.180505e+00
-5.770000000000173e-03	2.180398e+00
-5.760000000000173e-03	2.180291e+00
-5.750000000000173e-03	2.180184e+00
-5.740000000000174e-03	2.180076e+00
-5.730000000000174e-03	2.179969e+00
-5.720000000000175e-03	2.179861e+00
-5.710000000000175e-03	2.179753e+00
-5.700000000000175e-03	2.179645e+00
-5.690000000000176e-03	2.179536e+00
-5.680000000000176e-03	2.179428e+00
-5.670000000000177e-03	2.179319e+00
-5.660000000000177e-03	2.179210e+00
-5.650000000000177e-03	2.179101e+00
-5.640000000000178e-03	2.178992e+00
-5.630000000000178e-03	2.178883e+00
-5.620000000000179e-03	2.178773e+00
-5.610000000000179e-03	2.178663e+00
-5.600000000000179e-03	2.178553e+00
-5.590000000000180e-03	2.178443e+00
-5.580000000000180e-03	2.178333e+00
-5.570000000000181e-03	2.178222e+00
-5.560000000000181e-03	2.178111e+00
-5.550000000000182e-03	2.178000e+00
-5.540000000000182e-03	2.177889e+00
-5.530000000000182e-03	2.177778e+00
-5.520000000000183e-03	2.177666e+00
-5.510000000000183e-03	2.177555e+00
-5.500000000000184e-03	2.177443e+00
-5.490000000000184e-03	2.177330e+00
-5.480000000000184e-03	2.177218e+00
-5.470000000000185e-03	2.177106e+00
-5.460000000000185e-03	2.176993e+00
-5.450000000000186e-03	2.176880e+00
-5.440000000000186e-03	2.176767e+00
-5.430000000000186e-03	2.176654e+00
-5.420000000000187e-03	2.176540e+00
-5.410000000000187e-03	2.176427e+00
-5.400000000000188e-03	2.176313e+00
-5.390000000000188e-03	2.176198e+00
-5.380000000000188e-03	2.176084e+00
-5.370000000000189e-03	2.175970e+00
-5.360000000000189e-03	2.175855e+00
-5.350000000000190e-03	2.175740e+00
-5.340000000000190e-03	2.175625e+00
-5.330000000000190e-03	2.175510e+00
-5.320000000000191e-03	2.175394e+00
-5.310000000000191e-03	2.175278e+00
-5.300000000000192e-03	2.175162e+00
-5.290000000000192e-03	2.175046e+00
-5.280000000000193e-03	2.174930e+00
-5.270000000000193e-03	2.174813e+00
-5.260000000000193e-03	2.174696e+00
-5.250000000000194e-03	2.174579e+00
-5.240000000000194e-03	2.174462e+00
-5.230000000000195e-03	2.174345e+00
-5.220000000000195e-03	2.174227e+00
-5.210000000000195e-03	2.174109e+00
-5.200000000000196e-03	2.173991e+00
-5.190000000000196e-03	2.173873e+00
-5.180000000000197e-03	2.173754e+00
-5.170000000000197e-03	2.173636e+00
-5.160000000000197e-03	2.173517e+00
-5.150000000000198e-03	2.173398e+00
-5.140000000000198e-03	2.173278e+00
-5.130000000000199e-03	2.173158e+00
-5.120000000000199e-03	2.173039e+00
-5.110000000000199e-03	2.172919e+00
-5.100000000000200e-03	2.172798e+00
-5.090000000000200e-03	2.172678e+00
-5.080000000000201e-03	2.172557e+00
-5.070000000000201e-03	2.172436e+00
-5.060000000000201e-03	2.172315e+00
-5.050000000000202e-03	2.172194e+00
-5.040000000000202e-03	2.172072e+00
-5.030000000000203e-03	2.171950e+00
-5.020000000000203e-03	2.171828e+00
-5.010000000000204e-03	2.171705e+00
-5.000000000000204e-03	2.171583e+00
-4.990000000000204e-03	2.171460e+00
-4.980000000000205e-03	2.171337e+00
-4.970000000000205e-03	2.171214e+00
-4.960000000000206e-03	2.171090e+00
-4.950000000000206e-03	2.170966e+00
-4.940000000000206e-03	2.170842e+00
-4.930000000000207e-03	2.170718e+00
-4.920000000000207e-03	2.170594e+00
-4.910000000000208e-03	2.170469e+00
-4.900000000000208e-03	2.170344e+00
-4.890000000000208e-03	2.170218e+00
-4.880000000000209e-03	2.170093e+00
-4.870000000000209e-03	2.169967e+00
-4.860000000000210e-03	2.169842e+00
-4.850000000000210e-03	2.169715e+00
-4.840000000000210e-03	2.169589e+00
-4.830000000000211e-03	2.169462e+00
-4.820000000000211e-03	2.169335e+00
-4.810000000000212e-03	2.169208e+00
-4.800000000000212e-03	2.169080e+00
-4.790000000000212e-03	2.168953e+00
-4.780000000000213e-03	2.168825e+00
-4.770000000000213e-03	2.168696e+00
-4.760000000000214e-03	2.168568e+00
-4.750000000000214e-03	2.168439e+00
-4.740000000000215e-03	2.168310e+00
-4.730000000000215e-03	2.168181e+00
-4.720000000000215e-03	2.168051e+00
-4.710000000000216e-03	2.167922e+00
-4.700000000000216e-03	2.167792e+00
-4.690000000000217e-03	2.167661e+00
-4.680000000000217e-03	2.167531e+00
-4.670000000000217e-03	2.167400e+00
-4.660000000000218e-03	2.167269e+00
-4.650000000000218e-03	2.167137e+00
-4.640000000000219e-03	2.167006e+00
-4.630000000000219e-03	2.166874e+00
-4.620000000000219e-03	2.166742e+00
-4.610000000000220e-03	2.166609e+00
-4.600000000000220e-03	2.166476e+00
-4.590000000000221e-03	2.166343e+00
-4.580000000000221e-03	2.166210e+00
-4.570000000000221e-03	2.166076e+00
-4.560000000000222e-03	2.165943e+00
-4.550000000000222e-03	2.165808e+00
-4.540000000000223e-03	2.165674e+00
-4.530000000000223e-03	2.165539e+00
-4.520000000000223e-03	2.165404e+00
-4.510000000000224e-03	2.165269e+00
-4.500000000000224e-03	2.165133e+00
-4.490000000000225e-03	2.164998e+00
-4.480000000000225e-03	2.164861e+00
-4.470000000000226e-03	2.164725e+00
-4.460000000000226e-03	2.164588e+00
-4.450000000000226e-03	2.164451e+00
-4.440000000000227e-03	2.164314e+00
-4.430000000000227e-03	2.164176e+00
-4.420000000000228e-03	2.164038e+00
-4.410000000000228e-03	2.163900e+00
-4.400000000000228e-03	2.163762e+00
-4.390000000000229e-03	2.163623e+00
-4.380000000000229e-03	2.163484e+00
-4.370000000000230e-03	2.163344e+00
-4.360000000000230e-03	2.163205e+00
-4.350000000000230e-03	2.163065e+00
-4.340000000000231e-03	2.162925e+00
-4.330000000000231e-03	2.162784e+00
-4.320000000000232e-03	2.162643e+00
-4.310000000000232e-03	2.162502e+00
-4.300000000000232e-03	2.162360e+00
-4.290000000000233e-03	2.162218e+00
-4.280000000000233e-03	2.162076e+00
-4.270000000000234e-03	2.161933e+00
-4.260000000000234e-03	2.161791e+00
-4.250000000000234e-03	2.161647e+00
-4.240000000000235e-03	2.161504e+00
-4.230000000000235e-03	2.161360e+00
-4.220000000000236e-03	2.161216e+00
-4.210000000000236e-03	2.161072e+00
-4.200000000000237e-03	2.160927e+00
-4.190000000000237e-03	2.160782e+00
-4.180000000000237e-03	2.160636e+00
-4.170000000000238e-03	2.160490e+00
-4.160000000000238e-03	2.160344e+00
-4.150000000000239e-03	2.160198e+00
-4.140000000000239e-03	2.160051e+00
-4.130000000000239e-03	2.159904e+00
-4.120000000000240e-03	2.159756e+00
-4.110000000000240e-03	2.159609e+00
-4.100000000000241e-03	2.159460e+00
-4.090000000000241e-03	2.159312e+00
-4.080000000000241e-03	2.159163e+00
-4.070000000000242e-03	2.159014e+00
-4.060000000000242e-03	2.158864e+00
-4.050000000000243e-03	2.158714e+00
-4.040000000000243e-03	2.158564e+00
-4.030000000000243e-03	2.158414e+00
-4.020000000000244e-03	2.158262e+00
-4.010000000000244e-03	2.158111e+00
-4.000000000000245e-03	2.157959e+00
-3.990000000000245e-03	2.157808e+00
-3.980000000000245e-03	2.157655e+00
-3.970000000000246e-03	2.157502e+00
-3.960000000000246e-03	2.157349e+00
-3.950000000000247e-03	2.157196e+00
-3.940000000000247e-03	2.157042e+00
-3.930000000000248e-03	2.156888e+00
-3.920000000000248e-03	2.156733e+00
-3.910000000000248e-03	2.156578e+00
-3.900000000000248e-03	2.156422e+00
-3.890000000000248e-03	2.156266e+00
-3.880000000000248e-03	2.156110e+00
-3.870000000000248e-03	2.155954e+00
-3.860000000000248e-03	2.155797e+00
-3.850000000000248e-03	2.155640e+00
-3.840000000000248e-03	2.155482e+00
-3.830000000000248e-03	2.155324e+00
-3.820000000000248e-03	2.155165e+00
-3.810000000000248e-03	2.155006e+00
-3.800000000000248e-03	2.154847e+00
-3.790000000000248e-03	2.154687e+00
-3.780000000000248e-03	2.154527e+00
-3.770000000000248e-03	2.154366e+00
-3.760000000000248e-03	2.154206e+00
-3.750000000000248e-03	2.154044e+00
-3.740000000000248e-03	2.153883e+00
-3.730000000000248e-03	2.153720e+00
-3.720000000000248e-03	2.153558e+00
-3.710000000000248e-03	2.153395e+00
-3.700000000000248e-03	2.153231e+00
-3.690000000000248e-03	2.153068e+00
-3.680000000000248e-03	2.152903e+00
-3.670000000000248e-03	2.152739e+00
-3.660000000000248e-03	2.152573e+00
-3.650000000000248e-03	2.152408e+00
-3.640000000000248e-03	2.152242e+00
-3.630000000000248e-03	2.152075e+00
-3.620000000000248e-03	2.151908e+00
-3.610000000000248e-03	2.151741e+00
-3.600000000000248e-03	2.151573e+00
-3.590000000000248e-03	2.151405e+00
-3.580000000000247e-03	2.151236e+00
-3.570000000000247e-03	2.151067e+00
-3.560000000000247e-03	2.150898e+00
-3.550000000000247e-03	2.150728e+00
-3.540000000000247e-03	2.150557e+00
-3.530000000000247e-03	2.150386e+00
-3.520000000000247e-03	2.150215e+00
-3.510000000000247e-03	2.150043e+00
-3.500000000000247e-03	2.149870e+00
-3.490000000000247e-03	2.149698e+00
-3.480000000000247e-03	2.149524e+00
-3.470000000000247e-03	2.149350e+00
-3.460000000000247e-03	2.149176e+00
-3.450000000000247e-03	2.149001e+00
-3.440000000000247e-03	2.148826e+00
-3.430000000000247e-03	2.148650e+00
-3.420000000000247e-03	2.148474e+00
-3.410000000000247e-03	2.148297e+00
-3.400000000000247e-03	2.148120e+00
-3.390000000000247e-03	2.147942e+00
-3.380000000000247e-03	2.147764e+00
-3.370000000000247e-03	2.147585e+00
-3.360000000000247e-03	2.147406e+00
-3.350000000000247e-03	2.147226e+00
-3.340000000000247e-03	2.147046e+00
-3.330000000000247e-03	2.146865e+00
-3.320000000000247e-03	2.146684e+00
-3.310000000000247e-03	2.146502e+00
-3.300000000000247e-03	2.146320e+00
-3.290000000000247e-03	2.146137e+00
-3.280000000000247e-03	2.145953e+00
-3.270000000000247e-03	2.145769e+00
-3.260000000000247e-03	2.145585e+00
-3.250000000000247e-03	2.145399e+00
-3.240000000000247e-03	2.145214e+00
-3.230000000000247e-03	2.145027e+00
-3.220000000000247e-03	2.144841e+00
-3.210000000000247e-03	2.144653e+00
-3.200000000000246e-03	2.144465e+00
-3.190000000000246e-03	2.144277e+00
-3.180000000000246e-03	2.144088e+00
-3.170000000000246e-03	2.143898e+00
-3.160000000000246e-03	2.143708e+00
-3.150000000000246e-03	2.143517e+00
-3.140000000000246e-03	2.143326e+00
-3.130000000000246e-03	2.143134e+00
-3.120000000000246e-03	2.142941e+00
-3.110000000000246e-03	2.142748e+00
-3.100000000000246e-03	2.142554e+00
-3.090000000000246e-03	2.142360e+00
-3.080000000000246e-03	2.142165e+00
-3.070000000000246e-03	2.141969e+00
-3.060000000000246e-03	2.141773e+00
-3.050000000000246e-03	2.141576e+00
-3.040000000000246e-03	2.141379e+00
-3.030000000000246e-03	2.141181e+00
-3.020000000000246e-03	2.140982e+00
-3.010000000000246e-03	2.140783e+00
-3.000000000000246e-03	2.140583e+00
-2.990000000000246e-03	2.140382e+00
-2.980000000000246e-03	2.140181e+00
-2.970000000000246e-03	2.139978e+00
-2.960000000000246e-03	2.139776e+00
-2.950000000000246e-03	2.139572e+00
-2.940000000000246e-03	2.139369e+00
-2.930000000000246e-03	2.139164e+00
-2.920000000000246e-03	2.138958e+00
-2.910000000000246e-03	2.138752e+00
-2.900000000000246e-03	2.138546e+00
-2.890000000000246e-03	2.138338e+00
-2.880000000000246e-03	2.138130e+00
-2.870000000000246e-03	2.137921e+00
-2.860000000000246e-03	2.137712e+00
-2.850000000000246e-03	2.137501e+00
-2.840000000000246e-03	2.137290e+00
-2.830000000000246e-03	2.137079e+00
-2.820000000000245e-03	2.136866e+00
-2.810000000000245e-03	2.136653e+00
-2.800000000000245e-03	2.136439e+00
-2.790000000000245e-03	2.136224e+00
-2.780000000000245e-03	2.136009e+00
-2.770000000000245e-03	2.135792e+00
-2.760000000000245e-03	2.135575e+00
-2.750000000000245e-03	2.135357e+00
-2.740000000000245e-03	2.135139e+00
-2.730000000000245e-03	2.134919e+00
-2.720000000000245e-03	2.134699e+00
-2.710000000000245e-03	2.134478e+00
-2.700000000000245e-03	2.134257e+00
-2.690000000000245e-03	2.134034e+00
-2.680000000000245e-03	2.133811e+00
-2.670000000000245e-03	2.133586e+00
-2.660000000000245e-03	2.133361e+00
-2.650000000000245e-03	2.133135e+00
-2.640000000000245e-03	2.132909e+00
-2.630000000000245e-03	2.132681e+00
-2.620000000000245e-03	2.132452e+00
-2.610000000000245e-03	2.132223e+00
-2.600000000000245e-03	2.131993e+00
-2.590000000000245e-03	2.131762e+00
-2.580000000000245e-03	2.131530e+00
-2.570000000000245e-03	2.131297e+00
-2.560000000000245e-03	2.131063e+00
-2.550000000000245e-03	2.130829e+00
-2.540000000000245e-03	2.130593e+00
-2.530000000000245e-03	2.130357e+00
-2.520000000000245e-03	2.130119e+00
-2.510000000000245e-03	2.129881e+00
-2.500000000000245e-03	2.129641e+00
-2.490000000000245e-03	2.129401e+00
-2.480000000000245e-03	2.129160e+00
-2.470000000000245e-03	2.128917e+00
-2.460000000000245e-03	2.128674e+00
-2.450000000000245e-03	2.128430e+00
-2.440000000000244e-03	2.128185e+00
-2.430000000000244e-03	2.127938e+00
-2.420000000000244e-03	2.127691e+00
-2.410000000000244e-03	2.127443e+00
-2.400000000000244e-03	2.127193e+00
-2.390000000000244e-03	2.126943e+00
-2.380000000000244e-03	2.126691e+00
-2.370000000000244e-03	2.126439e+00
-2.360000000000244e-03	2.126185e+00
-2.350000000000244e-03	2.125931e+00
-2.340000000000244e-03	2.125674e+00
-2.330000000000244e-03	2.125418e+00
-2.320000000000244e-03	2.125160e+00
-2.310000000000244e-03	2.124900e+00
-2.300000000000244e-03	2.124640e+00
-2.290000000000244e-03	2.124378e+00
-2.280000000000244e-03	2.124116e+00
-2.270000000000244e-03	2.123852e+00
-2.260000000000244e-03	2.123587e+00
-2.250000000000244e-03	2.123321e+00
-2.240000000000244e-03	2.123053e+00
-2.230000000000244e-03	2.122785e+00
-2.220000000000244e-03	2.122515e+00
-2.210000000000244e-03	2.122243e+00
-2.200000000000244e-03	2.121971e+00
-2.190000000000244e-03	2.121697e+00
-2.180000000000244e-03	2.121422e+00
-2.170000000000244e-03	2.121146e+00
-2.160000000000244e-03	2.120868e+00
-2.150000000000244e-03	2.120589e+00
-2.140000000000244e-03	2.120309e+00
-2.130000000000244e-03	2.120027e+00
-2.120000000000244e-03	2.119744e+00
-2.110000000000244e-03	2.119460e+00
-2.100000000000244e-03	2.119174e+00
-2.090000000000244e-03	2.118887e+00
-2.080000000000244e-03	2.118598e+00
-2.070000000000244e-03	2.118308e+00
-2.060000000000243e-03	2.118016e+00
-2.050000000000243e-03	2.117723e+00
-2.040000000000243e-03	2.117428e+00
-2.030000000000243e-03	2.117132e+00
-2.020000000000243e-03	2.116834e+00
-2.010000000000243e-03	2.116535e+00
-2.000000000000243e-03	2.116234e+00
-1.990000000000243e-03	2.115932e+00
-1.980000000000243e-03	2.115628e+00
-1.970000000000243e-03	2.115322e+00
-1.960000000000243e-03	2.115015e+00
-1.950000000000243e-03	2.114706e+00
-1.940000000000243e-03	2.114395e+00
-1.930000000000243e-03	2.114082e+00
-1.920000000000243e-03	2.113768e+00
-1.910000000000243e-03	2.113452e+00
-1.900000000000243e-03	2.113135e+00
-1.890000000000243e-03	2.112815e+00
-1.880000000000243e-03	2.112494e+00
-1.870000000000243e-03	2.112170e+00
-1.860000000000243e-03	2.111845e+00
-1.850000000000243e-03	2.111518e+00
-1.840000000000243e-03	2.111190e+00
-1.830000000000243e-03	2.110859e+00
-1.820000000000243e-03	2.110526e+00
-1.810000000000243e-03	2.110191e+00
-1.800000000000243e-03	2.109854e+00
-1.790000000000243e-03	2.109515e+00
-1.780000000000243e-03	2.109174e+00
-1.770000000000243e-03	2.108831e+00
-1.760000000000243e-03	2.108486e+00
-1.750000000000243e-03	2.108138e+00
-1.740000000000243e-03	2.107789e+00
-1.730000000000243e-03	2.107437e+00
-1.720000000000243e-03	2.107082e+00
-1.710000000000243e-03	2.106726e+00
-1.700000000000243e-03	2.106367e+00
-1.690000000000243e-03	2.106006e+00
-1.680000000000242e-03	2.105642e+00
-1.670000000000242e-03	2.105276e+00
-1.660000000000242e-03	2.104908e+00
-1.650000000000242e-03	2.104537e+00
-1.640000000000242e-03	2.104163e+00
-1.630000000000242e-03	2.103787e+00
-1.620000000000242e-03	2.103408e+00
-1.610000000000242e-03	2.103026e+00
-1.600000000000242e-03	2.102642e+00
-1.590000000000242e-03	2.102255e+00
-1.580000000000242e-03	2.101865e+00
-1.570000000000242e-03	2.101472e+00
-1.560000000000242e-03	2.101077e+00
-1.550000000000242e-03	2.100678e+00
-1.540000000000242e-03	2.100276e+00
-1.530000000000242e-03	2.099872e+00
-1.520000000000242e-03	2.099464e+00
-1.510000000000242e-03	2.099053e+00
-1.500000000000242e-03	2.098639e+00
-1.490000000000242e-03	2.098221e+00
-1.480000000000242e-03	2.097800e+00
-1.470000000000242e-03	2.097376e+00
-1.460000000000242e-03	2.096948e+00
-1.450000000000242e-03	2.096517e+00
-1.440000000000242e-03	2.096082e+00
-1.430000000000242e-03	2.095644e+00
-1.420000000000242e-03	2.095201e+00
-1.410000000000242e-03	2.094755e+00
-1.400000000000242e-03	2.094306e+00
-1.390000000000242e-03	2.093852e+00
-1.380000000000242e-03	2.093394e+00
-1.370000000000242e-03	2.092932e+00
-1.360000000000242e-03	2.092465e+00
-1.350000000000242e-03	2.091995e+00
-1.340000000000242e-03	2.091520e+00
-1.330000000000242e-03	2.091040e+00
-1.320000000000242e-03	2.090556e+00
-1.310000000000242e-03	2.090068e+00
-1.300000000000242e-03	2.089574e+00
-1.290000000000241e-03	2.089076e+00
-1.280000000000241e-03	2.088573e+00
-1.270000000000241e-03	2.088064e+00
-1.260000000000241e-03	2.087551e+00
-1.250000000000241e-03	2.087032e+00
-1.240000000000241e-03	2.086507e+00
-1.230000000000241e-03	2.085977e+00
-1.220000000000241e-03	2.085442e+00
-1.210000000000241e-03	2.084900e+00
-1.200000000000241e-03	2.084352e+00
-1.190000000000241e-03	2.083799e+00
-1.180000000000241e-03	2.083239e+00
-1.170000000000241e-03	2.082672e+00
-1.160000000000241e-03	2.082099e+00
-1.150000000000241e-03	2.081519e+00
-1.140000000000241e-03	2.080932e+00
-1.130000000000241e-03	2.080338e+00
-1.120000000000241e-03	2.079737e+00
-1.110000000000241e-03	2.079128e+00
-1.100000000000241e-03	2.078511e+00
-1.090000000000241e-03	2.077886e+00
-1.080000000000241e-03	2.077253e+00
-1.070000000000241e-03	2.076611e+00
-1.060000000000241e-03	2.075961e+00
-1.050000000000241e-03	2.075302e+00
-1.040000000000241e-03	2.074633e+00
-1.030000000000241e-03	2.073955e+00
-1.020000000000241e-03	2.073267e+00
-1.010000000000241e-03	2.072569e+00
-1.000000000000241e-03	2.071860e+00
-9.900000000002407e-04	2.071141e+00
-9.800000000002407e-04	2.070410e+00
-9.700000000002406e-04	2.069668e+00
-9.600000000002406e-04	2.068914e+00
-9.500000000002406e-04	2.068147e+00
-9.400000000002406e-04	2.067368e+00
-9.300000000002405e-04	2.066575e+00
-9.200000000002405e-04	2.065768e+00
-9.100000000002405e-04	2.064947e+00
-9.000000000002405e-04	2.064112e+00
-8.900000000002404e-04	2.063261e+00
-8.800000000002404e-04	2.062393e+00
-8.700000000002404e-04	2.061510e+00
-8.600000000002403e-04	2.060608e+00
-8.500000000002403e-04	2.059689e+00
-8.400000000002403e-04	2.058751e+00
-8.300000000002403e-04	2.057793e+00
-8.200000000002402e-04	2.056815e+00
-8.100000000002402e-04	2.055815e+00
-8.000000000002402e-04	2.054794e+00
-7.900000000002402e-04	2.053748e+00
-7.800000000002401e-04	2.052678e+00
-7.700000000002401e-04	2.051583e+00
-7.600000000002401e-04	2.050460e+00
-7.500000000002401e-04	2.049309e+00
-7.400000000002400e-04	2.048128e+00
-7.300000000002400e-04	2.046916e+00
-7.200000000002400e-04	2.045671e+00
-7.100000000002400e-04	2.044392e+00
-7.000000000002399e-04	2.043075e+00
-6.900000000002399e-04	2.041720e+00
-6.800000000002399e-04	2.040324e+00
-6.700000000002398e-04	2.038884e+00
-6.600000000002398e-04	2.037399e+00
-6.500000000002398e-04	2.035864e+00
-6.400000000002398e-04	2.034278e+00
-6.300000000002397e-04	2.032637e+00
-6.200000000002397e-04	2.030936e+00
-6.100000000002397e-04	2.029173e+00
-6.000000000002397e-04	2.027343e+00
-5.900000000002396e-04	2.025441e+00
-5.800000000002396e-04	2.023463e+00
-5.700000000002396e-04	2.021402e+00
-5.600000000002396e-04	2.019253e+00
-5.500000000002395e-04	2.017009e+00
-5.400000000002395e-04	2.014663e+00
-5.300000000002395e-04	2.012207e+00
-5.200000000002395e-04	2.009631e+00
-5.100000000002394e-04	2.006928e+00
-5.000000000002394e-04	2.004087e+00
-4.900000000002394e-04	2.001096e+00
-4.800000000002393e-04	1.997943e+00
-4.700000000002393e-04	1.994614e+00
-4.600000000002393e-04	1.991097e+00
-4.500000000002393e-04	1.987374e+00
-4.400000000002392e-04	1.983430e+00
-4.300000000002392e-04	1.979247e+00
-4.200000000002392e-04	1.974806e+00
-4.100000000002392e-04	1.970089e+00
-4.000000000002391e-04	1.965074e+00
-3.900000000002391e-04	1.959741e+00
-3.800000000002391e-04	1.954070e+00
-3.700000000002391e-04	1.948041e+00
-3.600000000002390e-04	1.941633e+00
-3.500000000002390e-04	1.934829e+00
-3.400000000002390e-04	1.927612e+00
-3.300000000002390e-04	1.919967e+00
-3.200000000002389e-04	1.911883e+00
-3.100000000002389e-04	1.903350e+00
-3.000000000002389e-04	1.894364e+00
-2.900000000002389e-04	1.884920e+00
-2.800000000002388e-04	1.875019e+00
-2.700000000002388e-04	1.864666e+00
-2.600000000002388e-04	1.853865e+00
-2.500000000002387e-04	1.842626e+00
-2.400000000002387e-04	1.830958e+00
-2.300000000002387e-04	1.818875e+00
-2.200000000002387e-04	1.806390e+00
-2.100000000002388e-04	1.793517e+00
-2.000000000002388e-04	1.780272e+00
-1.900000000002388e-04	1.766670e+00
-1.800000000002388e-04	1.752727e+00
-1.700000000002388e-04	1.738458e+00
-1.600000000002388e-04	1.723881e+00
-1.500000000002388e-04	1.709010e+00
-1.400000000002388e-04	1.693862e+00
-1.300000000002388e-04	1.678450e+00
-1.200000000002388e-04	1.662790e+00
-1.100000000002388e-04	1.646896e+00
-1.000000000002388e-04	1.630783e+00
-9.000000000023876e-05	1.614463e+00
-8.000000000023876e-05	1.597951e+00
-7.000000000023876e-05	1.581259e+00
-6.000000000023876e-05	1.564400e+00
-5.000000000023876e-05	1.547386e+00
-4.000000000023876e-05	1.530231e+00
-3.000000000023877e-05	1.512945e+00
-2.000000000023877e-05	1.495540e+00
-1.000000000023877e-05	1.478030e+00
-2.387684234356202e-16	1.460425e+00
9.999999999761231e-06	1.442738e+00
1.999999999976123e-05	1.424981e+00
2.999999999976123e-05	1.407165e+00
3.999999999976123e-05	1.389305e+00
4.999999999976123e-05	1.371411e+00
5.999999999976123e-05	1.353499e+00
6.999999999976123e-05	1.335582e+00
7.999999999976122e-05	1.317675e+00
8.999999999976122e-05	1.299793e+00
9.999999999976122e-05	1.281952e+00
1.099999999997612e-04	1.264170e+00
1.199999999997612e-04	1.246466e+00
1.299999999997612e-04	1.228859e+00
1.399999999997612e-04	1.211371e+00
1.499999999997612e-04	1.194026e+00
1.599999999997612e-04	1.176848e+00
1.699999999997612e-04	1.159863e+00
1.799999999997612e-04	1.143101e+00
1.899999999997612e-04	1.126594e+00
1.999999999997612e-04	1.110373e+00
2.099999999997612e-04	1.094474e+00
2.199999999997612e-04	1.078934e+00
2.299999999997612e-04	1.063792e+00
2.399999999997612e-04	1.049087e+00
2.499999999997612e-04	1.034859e+00
2.599999999997612e-04	1.021147e+00
2.699999999997612e-04	1.007988e+00
2.799999999997612e-04	9.954150e-01
2.899999999997613e-04	9.834571e-01
2.999999999997613e-04	9.721355e-01
3.099999999997613e-04	9.614633e-01
3.199999999997613e-04	9.514441e-01
3.299999999997614e-04	9.420713e-01
3.399999999997614e-04	9.333282e-01
3.499999999997614e-04	9.251894e-01
3.599999999997614e-04	9.176223e-01
3.699999999997615e-04	9.105890e-01
3.799999999997615e-04	9.040486e-01
3.899999999997615e-04	8.979592e-01
3.999999999997615e-04	8.922796e-01
4.099999999997616e-04	8.869703e-01
4.199999999997616e-04	8.819945e-01
4.299999999997616e-04	8.773186e-01
4.399999999997617e-04	8.729118e-01
4.499999999997617e-04	8.687471e-01
4.599999999997617e-04	8.647999e-01
4.699999999997617e-04	8.610487e-01
4.799999999997618e-04	8.574745e-01
4.899999999997618e-04	8.540605e-01
4.999999999997618e-04	8.507919e-01
5.099999999997618e-04	8.476555e-01
5.199999999997619e-04	8.446398e-01
5.299999999997619e-04	8.417345e-01
5.399999999997619e-04	8.389305e-01
5.499999999997619e-04	8.362197e-01
5.599999999997620e-04	8.335950e-01
5.699999999997620e-04	8.310497e-01
5.799999999997620e-04	8.285781e-01
5.899999999997620e-04	8.261751e-01
5.999999999997621e-04	8.238359e-01
6.099999999997621e-04	8.215563e-01
6.199999999997621e-04	8.193325e-01
6.299999999997622e-04	8.171609e-01
6.399999999997622e-04	8.150384e-01
6.499999999997622e-04	8.129621e-01
6.599999999997622e-04	8.109294e-01
6.699999999997623e-04	8.089378e-01
6.799999999997623e-04	8.069851e-01
6.899999999997623e-04	8.050692e-01
6.999999999997623e-04	8.031883e-01
7.099999999997624e-04	8.013405e-01
7.199999999997624e-04	7.995244e-01
7.299999999997624e-04	7.977383e-01
7.399999999997624e-04	7.959809e-01
7.499999999997625e-04	7.942509e-01
7.599999999997625e-04	7.925470e-01
7.699999999997625e-04	7.908683e-01
7.799999999997625e-04	7.892134e-01
7.899999999997626e-04	7.875816e-01
7.999999999997626e-04	7.859719e-01
8.099999999997626e-04	7.843834e-01
8.199999999997627e-04	7.828152e-01
8.299999999997627e-04	7.812666e-01
8.399999999997627e-04	7.797369e-01
8.499999999997627e-04	7.782255e-01
8.599999999997628e-04	7.767316e-01
8.699999999997628e-04	7.752547e-01
8.799999999997628e-04	7.737941e-01
8.899999999997628e-04	7.723493e-01
8.999999999997629e-04	7.709199e-01
9.099999999997629e-04	7.695052e-01
9.199999999997629e-04	7.681049e-01
9.299999999997629e-04	7.667184e-01
9.399999999997630e-04	7.653455e-01
9.499999999997630e-04	7.639856e-01
9.599999999997630e-04	7.626384e-01
9.699999999997630e-04	7.613035e-01
9.799999999997630e-04	7.599806e-01
9.899999999997630e-04	7.586693e-01
9.999999999997630e-04	7.573693e-01
1.009999999999763e-03	7.560804e-01
1.019999999999763e-03	7.548021e-01
1.029999999999763e-03	7.535343e-01
1.039999999999763e-03	7.522766e-01
1.049999999999763e-03	7.510288e-01
1.059999999999763e-03	7.497907e-01
1.069999999999763e-03	7.485620e-01
1.079999999999763e-03	7.473425e-01
1.089999999999763e-03	7.461320e-01
1.099999999999763e-03	7.449302e-01
1.109999999999763e-03	7.437370e-01
1.119999999999763e-03	7.425521e-01
1.129999999999763e-03	7.413754e-01
1.139999999999763e-03	7.402067e-01
1.149999999999763e-03	7.390457e-01
1.159999999999763e-03	7.378924e-01
1.169999999999763e-03	7.367467e-01
1.179999999999763e-03	7.356082e-01
1.189999999999764e-03	7.344769e-01
1.199999999999764e-03	7.333526e-01
1.209999999999764e-03	7.322352e-01
1.219999999999764e-03	7.311245e-01
1.229999999999764e-03	7.300205e-01
1.239999999999764e-03	7.289229e-01
1.249999999999764e-03	7.278317e-01
1.259999999999764e-03	7.267467e-01
1.269999999999764e-03	7.256678e-01
1.279999999999764e-03	7.245949e-01
1.289999999999764e-03	7.235279e-01
1.299999999999764e-03	7.224667e-01
1.309999999999764e-03	7.214112e-01
1.319999999999764e-03	7.203612e-01
1.329999999999764e-03	7.193168e-01
1.339999999999764e-03	7.182777e-01
1.349999999999764e-03	7.172439e-01
1.359999999999764e-03	7.162153e-01
1.369999999999764e-03	7.151918e-01
1.379999999999764e-03	7.141734e-01
1.389999999999764e-03	7.131600e-01
1.399999999999764e-03	7.121513e-01
1.409999999999764e-03	7.111475e-01
1.419999999999764e-03	7.101485e-01
1.429999999999764e-03	7.091540e-01
1.439999999999764e-03	7.081642e-01
1.449999999999764e-03	7.071788e-01
1.459999999999764e-03	7.061979e-01
1.469999999999764e-03	7.052213e-01
1.479999999999764e-03	7.042490e-01
1.489999999999764e-03	7.032810e-01
1.499999999999764e-03	7.023171e-01
1.509999999999764e-03	7.013574e-01
1.519999999999764e-03	7.004017e-01
1.529999999999764e-03	6.994500e-01
1.539999999999764e-03	6.985023e-01
1.549999999999764e-03	6.975585e-01
1.559999999999764e-03	6.966185e-01
1.569999999999765e-03	6.956823e-01
1.579999999999765e-03	6.947498e-01
1.589999999999765e-03	6.938210e-01
1.599999999999765e-03	6.928958e-01
1.609999999999765e-03	6.919743e-01
1.619999999999765e-03	6.910563e-01
1.629999999999765e-03	6.901417e-01
1.639999999999765e-03	6.892307e-01
1.649999999999765e-03	6.883230e-01
1.659999999999765e-03	6.874188e-01
1.669999999999765e-03	6.865178e-01
1.679999999999765e-03	6.856201e-01
1.689999999999765e-03	6.847257e-01
1.699999999999765e-03	6.838345e-01
1.709999999999765e-03	6.829464e-01
1.719999999999765e-03	6.820615e-01
1.729999999999765e-03	6.811797e-01
1.739999999999765e-03	6.803010e-01
1.749999999999765e-03	6.794252e-01
1.759999999999765e-03	6.785525e-01
1.769999999999765e-03	6.776827e-01
1.779999999999765e-03	6.768159e-01
1.789999999999765e-03	6.759519e-01
1.799999999999765e-03	6.750908e-01
1.809999999999765e-03	6.742326e-01
1.819999999999765e-03	6.733771e-01
1.829999999999765e-03	6.725245e-01
1.839999999999765e-03	6.716745e-01
1.849999999999765e-03	6.708273e-01
1.859999999999765e-03	6.699827e-01
1.869999999999765e-03	6.691408e-01
1.879999999999765e-03	6.683016e-01
1.889999999999765e-03	6.674650e-01
1.899999999999765e-03	6.666309e-01
1.909999999999765e-03	6.657994e-01
1.919999999999765e-03	6.649704e-01
1.929999999999765e-03	6.641439e-01
1.939999999999765e-03	6.633199e-01
1.949999999999766e-03	6.624984e-01
1.959999999999765e-03	6.616792e-01
1.969999999999765e-03	6.608625e-01
1.979999999999765e-03	6.600482e-01
1.989999999999765e-03	6.592363e-01
1.999999999999765e-03	6.584266e-01
2.009999999999765e-03	6.576194e-01
2.019999999999765e-03	6.568144e-01
2.029999999999765e-03	6.560117e-01
2.039999999999766e-03	6.552113e-01
2.049999999999766e-03	6.544131e-01
2.059999999999766e-03	6.536171e-01
2.069999999999766e-03	6.528233e-01
2.079999999999766e-03	6.520317e-01
2.089999999999766e-03	6.512423e-01
2.099999999999766e-03	6.504551e-01
2.109999999999766e-03	6.496699e-01
2.119999999999766e-03	6.488869e-01
2.129999999999766e-03	6.481059e-01
2.139999999999766e-03	6.473271e-01
2.149999999999766e-03	6.465503e-01
2.159999999999766e-03	6.457755e-01
2.169999999999766e-03	6.450028e-01
2.179999999999766e-03	6.442321e-01
2.189999999999766e-03	6.434634e-01
2.199999999999766e-03	6.426966e-01
2.209999999999766e-03	6.419318e-01
2.219999999999766e-03	6.411690e-01
2.229999999999766e-03	6.404082e-01
2.239999999999766e-03	6.396492e-01
2.249999999999766e-03	6.388921e-01
2.259999999999766e-03	6.381369e-01
2.269999999999766e-03	6.373836e-01
2.279999999999766e-03	6.366322e-01
2.289999999999766e-03	6.358827e-01
2.299999999999766e-03	6.351349e-01
2.309999999999766e-03	6.343890e-01
2.319999999999766e-03	6.336449e-01
2.329999999999766e-03	6.329026e-01
2.339999999999766e-03	6.321622e-01
2.349999999999766e-03	6.314234e-01
2.359999999999766e-03	6.306864e-01
2.369999999999766e-03	6.299512e-01
2.379999999999766e-03	6.292177e-01
2.389999999999766e-03	6.284860e-01
2.399999999999766e-03	6.277559e-01
2.409999999999766e-03	6.270276e-01
2.419999999999767e-03	6.263010e-01
2.429999999999767e-03	6.255761e-01
2.439999999999767e-03	6.248528e-01
2.449999999999767e-03	6.241311e-01
2.459999999999767e-03	6.234112e-01
2.469999999999767e-03	6.226929e-01
2.479999999999767e-03	6.219762e-01
2.489999999999767e-03	6.212611e-01
2.499999999999767e-03	6.205477e-01
2.509999999999767e-03	6.198358e-01
2.519999999999767e-03	6.191255e-01
2.529999999999767e-03	6.184168e-01
2.539999999999767e-03	6.177098e-01
2.549999999999767e-03	6.170042e-01
2.559999999999767e-03	6.163002e-01
2.569999999999767e-03	6.155977e-01
2.579999999999767e-03	6.148968e-01
2.589999999999767e-03	6.141974e-01
2.599999999999767e-03	6.134996e-01
2.609999999999767e-03	6.128032e-01
2.619999999999767e-03	6.121084e-01
2.629999999999767e-03	6.114150e-01
2.639999999999767e-03	6.107231e-01
2.649999999999767e-03	6.100327e-01
2.659999999999767e-03	6.093438e-01
2.669999999999767e-03	6.086563e-01
2.679999999999767e-03	6.079704e-01
2.689999999999767e-03	6.072858e-01
2.699999999999767e-03	6.066027e-01
2.709999999999767e-03	6.059210e-01
2.719999999999767e-03	6.052407e-01
2.729999999999767e-03	6.045619e-01
2.739999999999767e-03	6.038844e-01
2.749999999999767e-03	6.032084e-01
2.759999999999767e-03	6.025337e-01
2.769999999999767e-03	6.018605e-01
2.779999999999767e-03	6.011886e-01
2.789999999999767e-03	6.005180e-01
2.799999999999768e-03	5.998489e-01
2.809999999999768e-03	5.991812e-01
2.819999999999768e-03	5.985147e-01
2.829999999999768e-03	5.978497e-01
2.839999999999768e-03	5.971859e-01
2.849999999999768e-03	5.965235e-01
2.859999999999768e-03	5.958624e-01
2.869999999999768e-03	5.952027e-01
2.879999999999768e-03	5.945443e-01
2.889999999999768e-03	5.938872e-01
2.899999999999768e-03	5.932314e-01
2.909999999999768e-03	5.925769e-01
2.919999999999768e-03	5.919237e-01
2.929999999999768e-03	5.912717e-01
2.939999999999768e-03	5.906211e-01
2.949999999999768e-03	5.899717e-01
2.959999999999768e-03	5.893236e-01
2.969999999999768e-03	5.886768e-01
2.979999999999768e-03	5.880312e-01
2.989999999999768e-03	5.873869e-01
2.999999999999768e-03	5.867438e-01
3.009999999999768e-03	5.861020e-01
3.019999999999768e-03	5.854614e-01
3.029999999999768e-03	5.848221e-01
3.039999999999768e-03	5.841839e-01
3.049999999999768e-03	5.835470e-01
3.059999999999768e-03	5.829114e-01
3.069999999999768e-03	5.822769e-01
3.079999999999768e-03	5.816436e-01
3.089999999999768e-03	5.810116e-01
3.099999999999768e-03	5.803807e-01
3.109999999999768e-03	5.797511e-01
3.119999999999768e-03	5.791226e-01
3.129999999999768e-03	5.784953e-01
3.139999999999768e-03	5.778692e-01
3.149999999999768e-03	5.772443e-01
3.159999999999768e-03	5.766205e-01
3.169999999999768e-03	5.759979e-01
3.179999999999769e-03	5.753765e-01
3.189999999999769e-03	5.747563e-01
3.199999999999769e-03	5.741372e-01
3.209999999999769e-03	5.735192e-01
3.219999999999769e-03	5.729024e-01
3.229999999999769e-03	5.722867e-01
3.239999999999769e-03	5.716722e-01
3.249999999999769e-03	5.710588e-01
3.259999999999769e-03	5.704466e-01
3.269999999999769e-03	5.698354e-01
3.279999999999769e-03	5.692254e-01
3.289999999999769e-03	5.686166e-01
3.299999999999769e-03	5.680088e-01
3.309999999999769e-03	5.674021e-01
3.319999999999769e-03	5.667965e-01
3.329999999999769e-03	5.661921e-01
3.339999999999769e-03	5.655888e-01
3.349999999999769e-03	5.649865e-01
3.359999999999769e-03	5.643854e-01
3.369999999999769e-03	5.637853e-01
3.379999999999769e-03	5.631863e-01
3.389999999999769e-03	5.625883e-01
3.399999999999769e-03	5.619915e-01
3.409999999999769e-03	5.613958e-01
3.419999999999769e-03	5.608011e-01
3.429999999999769e-03	5.602075e-01
3.439999999999769e-03	5.596150e-01
3.449999999999769e-03	5.590235e-01
3.459999999999769e-03	5.584331e-01
3.469999999999769e-03	5.578437e-01
3.479999999999769e-03	5.572554e-01
3.489999999999769e-03	5.566681e-01
3.499999999999769e-03	5.560819e-01
3.509999999999769e-03	5.554967e-01
3.519999999999769e-03	5.549126e-01
3.529999999999769e-03	5.543295e-01
3.539999999999769e-03	5.537474e-01
3.549999999999769e-03	5.531664e-01
3.559999999999770e-03	5.525864e-01
3.569999999999770e-03	5.520074e-01
3.579999999999770e-03	5.514295e-01
3.589999999999770e-03	5.508525e-01
3.599999999999770e-03	5.502766e-01
3.609999999999770e-03	5.497017e-01
3.619999999999770e-03	5.491278e-01
3.629999999999770e-03	5.485549e-01
3.639999999999770e-03	5.479830e-01
3.649999999999770e-03	5.474121e-01
3.659999999999770e-03	5.468422e-01
3.669999999999770e-03	5.462734e-01
3.679999999999770e-03	5.457054e-01
3.689999999999770e-03	5.451385e-01
3.699999999999770e-03	5.445727e-01
3.709999999999770e-03	5.440077e-01
3.719999999999770e-03	5.434437e-01
3.729999999999770e-03	5.428808e-01
3.739999999999770e-03	5.423188e-01
3.749999999999770e-03	5.417578e-01
3.759999999999770e-03	5.411978e-01
3.769999999999770e-03	5.406387e-01
3.779999999999770e-03	5.400806e-01
3.789999999999770e-03	5.395235e-01
3.799999999999770e-03	5.389673e-01
3.809999999999770e-03	5.384122e-01
3.819999999999770e-03	5.378579e-01
3.829999999999770e-03	5.373046e-01
3.839999999999770e-03	5.367523e-01
3.849999999999770e-03	5.362009e-01
3.859999999999770e-03	5.356505e-01
3.869999999999770e-03	5.351010e-01
3.879999999999770e-03	5.345525e-01
3.889999999999770e-03	5.340049e-01
3.899999999999770e-03	5.334582e-01
3.909999999999770e-03	5.329125e-01
3.919999999999770e-03	5.323677e-01
3.929999999999770e-03	5.318239e-01
3.939999999999769e-03	5.312809e-01
3.949999999999769e-03	5.307390e-01
3.959999999999768e-03	5.301979e-01
3.969999999999768e-03	5.296578e-01
3.979999999999768e-03	5.291186e-01
3.989999999999767e-03	5.285803e-01
3.999999999999767e-03	5.280430e-01
4.009999999999766e-03	5.275065e-01
4.019999999999766e-03	5.269710e-01
4.029999999999766e-03	5.264363e-01
4.039999999999765e-03	5.259026e-01
4.049999999999765e-03	5.253699e-01
4.059999999999764e-03	5.248380e-01
4.069999999999764e-03	5.243070e-01
4.079999999999764e-03	5.237769e-01
4.089999999999763e-03	5.232477e-01
4.099999999999763e-03	5.227194e-01
4.109999999999762e-03	5.221921e-01
4.119999999999762e-03	5.216656e-01
4.129999999999761e-03	5.211400e-01
4.139999999999761e-03	5.206153e-01
4.149999999999761e-03	5.200915e-01
4.159999999999760e-03	5.195686e-01
4.169999999999760e-03	5.190465e-01
4.179999999999759e-03	5.185254e-01
4.189999999999759e-03	5.180051e-01
4.199999999999759e-03	5.174857e-01
4.209999999999758e-03	5.169672e-01
4.219999999999758e-03	5.164496e-01
4.229999999999757e-03	5.159329e-01
4.239999999999757e-03	5.154170e-01
4.249999999999757e-03	5.149019e-01
4.259999999999756e-03	5.143878e-01
4.269999999999756e-03	5.138745e-01
4.279999999999755e-03	5.133622e-01
4.289999999999755e-03	5.128506e-01
4.299999999999755e-03	5.123399e-01
4.309999999999754e-03	5.118302e-01
4.319999999999754e-03	5.113212e-01
4.329999999999753e-03	5.108131e-01
4.339999999999753e-03	5.103059e-01
4.349999999999753e-03	5.097995e-01
4.359999999999752e-03	5.092940e-01
4.369999999999752e-03	5.087893e-01
4.379999999999751e-03	5.082855e-01
4.389999999999751e-03	5.077825e-01
4.399999999999750e-03	5.072804e-01
4.409999999999750e-03	5.067791e-01
4.419999999999750e-03	5.062787e-01
4.429999999999749e-03	5.057791e-01
4.439999999999749e-03	5.052804e-01
4.449999999999748e-03	5.047825e-01
4.459999999999748e-03	5.042854e-01
4.469999999999748e-03	5.037892e-01
4.479999999999747e-03	5.032938e-01
4.489999999999747e-03	5.027992e-01
4.499999999999746e-03	5.023055e-01
4.509999999999746e-03	5.018126e-01
4.519999999999746e-03	5.013205e-01
4.529999999999745e-03	5.008293e-01
4.539999999999745e-03	5.003389e-01
4.549999999999744e-03	4.998493e-01
4.559999999999744e-03	4.993605e-01
4.569999999999744e-03	4.988726e-01
4.579999999999743e-03	4.983855e-01
4.589999999999743e-03	4.978991e-01
4.599999999999742e-03	4.974137e-01
4.609999999999742e-03	4.969290e-01
4.619999999999742e-03	4.964451e-01
4.629999999999741e-03	4.959621e-01
4.639999999999741e-03	4.954799e-01
4.649999999999740e-03	4.949985e-01
4.659999999999740e-03	4.945179e-01
4.669999999999739e-03	4.940381e-01
4.679999999999739e-03	4.935591e-01
4.689999999999739e-03	4.930809e-01
4.699999999999738e-03	4.926035e-01
4.709999999999738e-03	4.921269e-01
4.719999999999737e-03	4.916511e-01
4.729999999999737e-03	4.911762e-01
4.739999999999737e-03	4.907020e-01
4.749999999999736e-03	4.902286e-01
4.759999999999736e-03	4.897560e-01
4.769999999999735e-03	4.892842e-01
4.779999999999735e-03	4.888133e-01
4.789999999999735e-03	4.883431e-01
4.799999999999734e-03	4.878736e-01
4.809999999999734e-03	4.874050e-01
4.819999999999733e-03	4.869372e-01
4.829999999999733e-03	4.864701e-01
4.839999999999733e-03	4.860039e-01
4.849999999999732e-03	4.855384e-01
4.859999999999732e-03	4.850737e-01
4.869999999999731e-03	4.846098e-01
4.879999999999731e-03	4.841467e-01
4.889999999999730e-03	4.836843e-01
4.899999999999730e-03	4.832228e-01
4.909999999999730e-03	4.827620e-01
4.919999999999729e-03	4.823020e-01
4.929999999999729e-03	4.818427e-01
4.939999999999728e-03	4.813842e-01
4.949999999999728e-03	4.809265e-01
4.959999999999728e-03	4.804696e-01
4.969999999999727e-03	4.800135e-01
4.979999999999727e-03	4.795581e-01
4.989999999999726e-03	4.791035e-01
4.999999999999726e-03	4.786496e-01
5.009999999999726e-03	4.781965e-01
5.019999999999725e-03	4.777442e-01
5.029999999999725e-03	4.772927e-01
5.039999999999724e-03	4.768419e-01
5.049999999999724e-03	4.763918e-01
5.059999999999724e-03	4.759426e-01
5.069999999999723e-03	4.754940e-01
5.079999999999723e-03	4.750463e-01
5.089999999999722e-03	4.745993e-01
5.099999999999722e-03	4.741530e-01
5.109999999999722e-03	4.737075e-01
5.119999999999721e-03	4.732628e-01
5.129999999999721e-03	4.728188e-01
5.139999999999720e-03	4.723755e-01
5.149999999999720e-03	4.719331e-01
5.159999999999719e-03	4.714913e-01
5.169999999999719e-03	4.710503e-01
5.179999999999719e-03	4.706101e-01
5.189999999999718e-03	4.701706e-01
5.199999999999718e-03	4.697318e-01
5.209999999999717e-03	4.692938e-01
5.219999999999717e-03	4.688565e-01
5.229999999999717e-03	4.684200e-01
5.239999999999716e-03	4.679842e-01
5.249999999999716e-03	4.675491e-01
5.259999999999715e-03	4.671148e-01
5.269999999999715e-03	4.666812e-01
5.279999999999715e-03	4.662484e-01
5.289999999999714e-03	4.658163e-01
5.299999999999714e-03	4.653849e-01
5.309999999999713e-03	4.649542e-01
5.319999999999713e-03	4.645243e-01
5.329999999999713e-03	4.640951e-01
5.339999999999712e-03	4.636666e-01
5.349999999999712e-03	4.632389e-01
5.359999999999711e-03	4.628119e-01
5.369999999999711e-03	4.623856e-01
5.379999999999711e-03	4.619601e-01
5.389999999999710e-03	4.615352e-01
5.399999999999710e-03	4.611111e-01
5.409999999999709e-03	4.606878e-01
5.419999999999709e-03	4.602651e-01
5.429999999999708e-03	4.598431e-01
5.439999999999708e-03	4.594219e-01
5.449999999999708e-03	4.590014e-01
5.459999999999707e-03	4.585816e-01
5.469999999999707e-03	4.581625e-01
5.479999999999706e-03	4.577441e-01
5.489999999999706e-03	4.573265e-01
5.499999999999706e-03	4.569095e-01
5.509999999999705e-03	4.564933e-01
5.519999999999705e-03	4.560778e-01
5.529999999999704e-03	4.556630e-01
5.539999999999704e-03	4.552488e-01
5.549999999999704e-03	4.548354e-01
5.559999999999703e-03	4.544227e-01
5.569999999999703e-03	4.540108e-01
5.579999999999702e-03	4.535995e-01
5.589999999999702e-03	4.531889e-01
5.599999999999702e-03	4.527790e-01
5.609999999999701e-03	4.523698e-01
5.619999999999701e-03	4.519614e-01
5.629999999999700e-03	4.515536e-01
5.639999999999700e-03	4.511465e-01
5.649999999999700e-03	4.507401e-01
5.659999999999699e-03	4.503344e-01
5.669999999999699e-03	4.499294e-01
5.679999999999698e-03	4.495251e-01
5.689999999999698e-03	4.491215e-01
5.699999999999697e-03	4.487186e-01
5.709999999999697e-03	4.483164e-01
5.719999999999697e-03	4.479149e-01
5.729999999999696e-03	4.475140e-01
5.739999999999696e-03	4.471139e-01
5.749999999999695e-03	4.467144e-01
5.759999999999695e-03	4.463156e-01
5.769999999999695e-03	4.459175e-01
5.779999999999694e-03	4.455201e-01
5.789999999999694e-03	4.451234e-01
5.799999999999693e-03	4.447274e-01
5.809999999999693e-03	4.443320e-01
5.819999999999693e-03	4.439373e-01
5.829999999999692e-03	4.435433e-01
5.839999999999692e-03	4.431500e-01
5.849999999999691e-03	4.427573e-01
5.859999999999691e-03	4.423654e-01
5.869999999999691e-03	4.419741e-01
5.879999999999690e-03	4.415835e-01
5.889999999999690e-03	4.411935e-01
5.899999999999689e-03	4.408042e-01
5.909999999999689e-03	4.404157e-01
5.919999999999689e-03	4.400277e-01
5.929999999999688e-03	4.396405e-01
5.939999999999688e-03	4.392539e-01
5.949999999999687e-03	4.388680e-01
5.959999999999687e-03	4.384827e-01
5.969999999999686e-03	4.380981e-01
5.979999999999686e-03	4.377142e-01
5.989999999999686e-03	4.373309e-01
5.999999999999685e-03	4.369484e-01
6.009999999999685e-03	4.365664e-01
6.019999999999684e-03	4.361852e-01
6.029999999999684e-03	4.358045e-01
6.039999999999684e-03	4.354246e-01
6.049999999999683e-03	4.350453e-01
6.059999999999683e-03	4.346667e-01
6.069999999999682e-03	4.342887e-01
6.079999999999682e-03	4.339114e-01
6.089999999999682e-03	4.335347e-01
6.099999999999681e-03	4.331587e-01
6.109999999999681e-03	4.327834e-01
6.119999999999680e-03	4.324087e-01
6.129999999999680e-03	4.320346e-01
6.139999999999680e-03	4.316612e-01
6.149999999999679e-03	4.312885e-01
6.159999999999679e-03	4.309164e-01
6.169999999999678e-03	4.305449e-01
6.179999999999678e-03	4.301741e-01
6.189999999999678e-03	4.298039e-01
6.199999999999677e-03	4.294344e-01
6.209999999999677e-03	4.290656e-01
6.219999999999676e-03	4.286973e-01
6.229999999999676e-03	4.283297e-01
6.239999999999675e-03	4.279628e-01
6.249999999999675e-03	4.275965e-01
6.259999999999675e-03	4.272308e-01
6.269999999999674e-03	4.268658e-01
6.279999999999674e-03	4.265014e-01
6.289999999999673e-03	4.261377e-01
6.299999999999673e-03	4.257746e-01
6.309999999999673e-03	4.254121e-01
6.319999999999672e-03	4.250502e-01
6.329999999999672e-03	4.246890e-01
6.339999999999671e-03	4.243284e-01
6.349999999999671e-03	4.239685e-01
6.359999999999671e-03	4.236092e-01
6.369999999999670e-03	4.232505e-01
6.379999999999670e-03	4.228925e-01
6.389999999999669e-03	4.225350e-01
6.399999999999669e-03	4.221782e-01
6.409999999999669e-03	4.218220e-01
6.419999999999668e-03	4.214665e-01
6.429999999999668e-03	4.211116e-01
6.439999999999667e-03	4.207573e-01
6.449999999999667e-03	4.204036e-01
6.459999999999667e-03	4.200505e-01
6.469999999999666e-03	4.196981e-01
6.479999999999666e-03	4.193463e-01
6.489999999999665e-03	4.189951e-01
6.499999999999665e-03	4.186445e-01
6.509999999999664e-03	4.182945e-01
6.519999999999664e-03	4.179452e-01
6.529999999999664e-03	4.175965e-01
6.539999999999663e-03	4.172483e-01
6.549999999999663e-03	4.169008e-01
6.559999999999662e-03	4.165539e-01
6.569999999999662e-03	4.162077e-01
6.579999999999662e-03	4.158620e-01
6.589999999999661e-03	4.155169e-01
6.599999999999661e-03	4.151725e-01
6.609999999999660e-03	4.148287e-01
6.619999999999660e-03	4.144855e-01
6.629999999999660e-03	4.141428e-01
6.639999999999659e-03	4.138008e-01
6.649999999999659e-03	4.134594e-01
6.659999999999658e-03	4.131186e-01
6.669999999999658e-03	4.127784e-01
6.679999999999658e-03	4.124388e-01
6.689999999999657e-03	4.120998e-01
6.699999999999657e-03	4.117614e-01
6.709999999999656e-03	4.114236e-01
6.719999999999656e-03	4.110864e-01
6.729999999999656e-03	4.107498e-01
6.739999999999655e-03	4.104137e-01
6.749999999999655e-03	4.100783e-01
6.759999999999654e-03	4.097435e-01
6.769999999999654e-03	4.094093e-01
6.779999999999653e-03	4.090757e-01
6.789999999999653e-03	4.087426e-01
6.799999999999653e-03	4.084102e-01
6.809999999999652e-03	4.080783e-01
6.819999999999652e-03	4.077471e-01
6.829999999999651e-03	4.074164e-01
6.839999999999651e-03	4.070863e-01
6.849999999999651e-03	4.067568e-01
6.859999999999650e-03	4.064279e-01
6.869999999999650e-03	4.060996e-01
6.879999999999649e-03	4.057718e-01
6.889999999999649e-03	4.054447e-01
6.899999999999649e-03	4.051181e-01
6.909999999999648e-03	4.047921e-01
6.919999999999648e-03	4.044667e-01
6.929999999999647e-03	4.041419e-01
6.939999999999647e-03	4.038176e-01
6.949999999999647e-03	4.034939e-01
6.959999999999646e-03	4.031709e-01
6.969999999999646e-03	4.028483e-01
6.979999999999645e-03	4.025264e-01
6.989999999999645e-03	4.022050e-01
6.999999999999645e-03	4.018842e-01
7.009999999999644e-03	4.015640e-01
7.019999999999644e-03	4.012444e-01
7.029999999999643e-03	4.009253e-01
7.039999999999643e-03	4.006068e-01
7.049999999999642e-03	4.002889e-01
7.059999999999642e-03	3.999715e-01
7.069999999999642e-03	3.996547e-01
7.079999999999641e-03	3.993385e-01
7.089999999999641e-03	3.990228e-01
7.099999999999640e-03	3.987077e-01
7.109999999999640e-03	3.983932e-01
7.119999999999640e-03	3.980792e-01
7.129999999999639e-03	3.977658e-01
7.139999999999639e-03	3.974530e-01
7.149999999999638e-03	3.971407e-01
7.159999999999638e-03	3.968290e-01
7.169999999999638e-03	3.965178e-01
7.179999999999637e-03	3.962072e-01
7.189999999999637e-03	3.958972e-01
7.199999999999636e-03	3.955877e-01
7.209999999999636e-03	3.952788e-01
7.219999999999636e-03	3.949704e-01
7.229999999999635e-03	3.946626e-01
7.239999999999635e-03	3.943553e-01
7.249999999999634e-03	3.940486e-01
7.259999999999634e-03	3.937424e-01
7.269999999999634e-03	3.934368e-01
7.279999999999633e-03	3.931318e-01
7.289999999999633e-03	3.928272e-01
7.299999999999632e-03	3.925233e-01
7.309999999999632e-03	3.922199e-01
7.319999999999631e-03	3.919170e-01
7.329999999999631e-03	3.916147e-01
7.339999999999631e-03	3.913129e-01
7.349999999999630e-03	3.910117e-01
7.359999999999630e-03	3.907110e-01
7.369999999999629e-03	3.904108e-01
7.379999999999629e-03	3.901112e-01
7.389999999999629e-03	3.898122e-01
7.399999999999628e-03	3.895137e-01
7.409999999999628e-03	3.892157e-01
7.419999999999627e-03	3.889183e-01
7.429999999999627e-03	3.886213e-01
7.439999999999627e-03	3.883250e-01
7.449999999999626e-03	3.880291e-01
7.459999999999626e-03	3.877338e-01
7.469999999999625e-03	3.874391e-01
7.479999999999625e-03	3.871448e-01
7.489999999999625e-03	3.868511e-01
7.499999999999624e-03	3.865580e-01
7.509999999999624e-03	3.862653e-01
7.519999999999623e-03	3.859732e-01
7.529999999999623e-03	3.856816e-01
7.539999999999623e-03	3.853906e-01
7.549999999999622e-03	3.851001e-01
7.559999999999622e-03	3.848101e-01
7.569999999999621e-03	3.845206e-01
7.579999999999621e-03	3.842317e-01
7.589999999999620e-03	3.839432e-01
7.599999999999620e-03	3.836553e-01
7.609999999999620e-03	3.833680e-01
7.619999999999619e-03	3.830811e-01
7.629999999999619e-03	3.827948e-01
7.639999999999618e-03	3.825090e-01
7.649999999999618e-03	3.822237e-01
7.659999999999618e-03	3.819389e-01
7.669999999999617e-03	3.816546e-01
7.679999999999617e-03	3.813709e-01
7.689999999999616e-03	3.810877e-01
7.699999999999616e-03	3.808049e-01
7.709999999999616e-03	3.805227e-01
7.719999999999615e-03	3.802411e-01
7.729999999999615e-03	3.799599e-01
7.739999999999614e-03	3.796792e-01
7.749999999999614e-03	3.793991e-01
7.759999999999614e-03	3.791194e-01
7.769999999999613e-03	3.788403e-01
7.779999999999613e-03	3.785616e-01
7.789999999999612e-03	3.782835e-01
7.799999999999612e-03	3.780059e-01
7.809999999999612e-03	3.777288e-01
7.819999999999612e-03	3.774522e-01
7.829999999999612e-03	3.771761e-01
7.839999999999611e-03	3.769005e-01
7.849999999999611e-03	3.766254e-01
7.859999999999610e-03	3.763508e-01
7.869999999999610e-03	3.760768e-01
7.879999999999610e-03	3.758031e-01
7.889999999999609e-03	3.755301e-01
7.899999999999609e-03	3.752575e-01
7.909999999999608e-03	3.749854e-01
7.919999999999608e-03	3.747138e-01
7.929999999999608e-03	3.744427e-01
7.939999999999607e-03	3.741720e-01
7.949999999999607e-03	3.739019e-01
7.959999999999606e-03	3.736323e-01
7.969999999999606e-03	3.733632e-01
7.979999999999605e-03	3.730945e-01
7.989999999999605e-03	3.728264e-01
7.999999999999605e-03	3.725587e-01
8.009999999999604e-03	3.722915e-01
8.019999999999604e-03	3.720249e-01
8.029999999999603e-03	3.717587e-01
8.039999999999603e-03	3.714930e-01
8.049999999999603e-03	3.712277e-01
8.059999999999602e-03	3.709630e-01
8.069999999999602e-03	3.706987e-01
8.079999999999601e-03	3.704349e-01
8.089999999999601e-03	3.701717e-01
8.099999999999601e-03	3.699088e-01
8.109999999999600e-03	3.696465e-01
8.119999999999600e-03	3.693847e-01
8.129999999999599e-03	3.691233e-01
8.139999999999599e-03	3.688624e-01
8.149999999999599e-03	3.686020e-01
8.159999999999598e-03	3.683420e-01
8.169999999999598e-03	3.680826e-01
8.179999999999597e-03	3.678236e-01
8.189999999999597e-03	3.675651e-01
8.199999999999597e-03	3.673070e-01
8.209999999999596e-03	3.670495e-01
8.219999999999596e-03	3.667924e-01
8.229999999999595e-03	3.665358e-01
8.239999999999595e-03	3.662796e-01
8.249999999999594e-03	3.660239e-01
8.259999999999594e-03	3.657687e-01
8.269999999999594e-03	3.655139e-01
8.279999999999593e-03	3.652596e-01
8.289999999999593e-03	3.650058e-01
8.299999999999592e-03	3.647525e-01
8.309999999999592e-03	3.644996e-01
8.319999999999592e-03	3.642471e-01
8.329999999999591e-03	3.639952e-01
8.339999999999591e-03	3.637437e-01
8.349999999999590e-03	3.634926e-01
8.359999999999590e-03	3.632421e-01
8.369999999999590e-03	3.629919e-01
8.379999999999589e-03	3.627423e-01
8.389999999999589e-03	3.624931e-01
8.399999999999588e-03	3.622443e-01
8.409999999999588e-03	3.619960e-01
8.419999999999588e-03	3.617482e-01
8.429999999999587e-03	3.615008e-01
8.439999999999587e-03	3.612539e-01
8.449999999999586e-03	3.610074e-01
8.459999999999586e-03	3.607614e-01
8.469999999999585e-03	3.605158e-01
8.479999999999585e-03	3.602707e-01
8.489999999999585e-03	3.600260e-01
8.499999999999584e-03	3.597818e-01
8.509999999999584e-03	3.595380e-01
8.519999999999583e-03	3.592947e-01
8.529999999999583e-03	3.590518e-01
8.539999999999583e-03	3.588094e-01
8.549999999999582e-03	3.585674e-01
8.559999999999582e-03	3.583258e-01
8.569999999999581e-03	3.580847e-01
8.579999999999581e-03	3.578440e-01
8.589999999999581e-03	3.576038e-01
8.599999999999580e-03	3.573640e-01
8.609999999999580e-03	3.571247e-01
8.619999999999579e-03	3.568858e-01
8.629999999999579e-03	3.566473e-01
8.639999999999579e-03	3.564093e-01
8.649999999999578e-03	3.561717e-01
8.659999999999578e-03	3.559346e-01
8.669999999999577e-03	3.556978e-01
8.679999999999577e-03	3.554616e-01
8.689999999999577e-03	3.552257e-01
8.699999999999576e-03	3.549903e-01
8.709999999999576e-03	3.547553e-01
8.719999999999575e-03	3.545207e-01
8.729999999999575e-03	3.542866e-01
8.739999999999574e-03	3.540529e-01
8.749999999999574e-03	3.538197e-01
8.759999999999574e-03	3.535868e-01
8.769999999999573e-03	3.533544e-01
8.779999999999573e-03	3.531224e-01
8.789999999999572e-03	3.528909e-01
8.799999999999572e-03	3.526597e-01
8.809999999999572e-03	3.524290e-01
8.819999999999571e-03	3.521987e-01
8.829999999999571e-03	3.519689e-01
8.839999999999570e-03	3.517394e-01
8.849999999999570e-03	3.515104e-01
8.859999999999570e-03	3.512818e-01
8.869999999999569e-03	3.510537e-01
8.879999999999569e-03	3.508259e-01
8.889999999999568e-03	3.505985e-01
8.899999999999568e-03	3.503716e-01
8.909999999999568e-03	3.501451e-01
8.919999999999567e-03	3.499190e-01
8.929999999999567e-03	3.496933e-01
8.939999999999566e-03	3.494681e-01
8.949999999999566e-03	3.492432e-01
8.959999999999566e-03	3.490188e-01
8.969999999999565e-03	3.487947e-01
8.979999999999565e-03	3.485711e-01
8.989999999999564e-03	3.483479e-01
8.999999999999564e-03	3.481251e-01
9.009999999999563e-03	3.479027e-01
9.019999999999563e-03	3.476807e-01
9.029999999999563e-03	3.474592e-01
9.039999999999562e-03	3.472380e-01
9.049999999999562e-03	3.470172e-01
9.059999999999561e-03	3.467969e-01
9.069999999999561e-03	3.465769e-01
9.079999999999561e-03	3.463574e-01
9.089999999999560e-03	3.461382e-01
9.099999999999560e-03	3.459195e-01
9.109999999999559e-03	3.457011e-01
9.119999999999559e-03	3.454832e-01
9.129999999999559e-03	3.452656e-01
9.139999999999558e-03	3.450485e-01
9.149999999999558e-03	3.448317e-01
9.159999999999557e-03	3.446154e-01
9.169999999999557e-03	3.443994e-01
9.179999999999557e-03	3.441838e-01
9.189999999999556e-03	3.439687e-01
9.199999999999556e-03	3.437539e-01
9.209999999999555e-03	3.435395e-01
9.219999999999555e-03	3.433255e-01
9.229999999999555e-03	3.431119e-01
9.239999999999554e-03	3.428987e-01
9.249999999999554e-03	3.426859e-01
9.259999999999553e-03	3.424735e-01
9.269999999999553e-03	3.422614e-01
9.279999999999552e-03	3.420498e-01
9.289999999999552e-03	3.418385e-01
9.299999999999552e-03	3.416277e-01
9.309999999999551e-03	3.414172e-01
9.319999999999551e-03	3.412071e-01
9.329999999999550e-03	3.409973e-01
9.339999999999550e-03	3.407880e-01
9.349999999999550e-03	3.405790e-01
9.359999999999549e-03	3.403704e-01
9.369999999999549e-03	3.401623e-01
9.379999999999548e-03	3.399544e-01
9.389999999999548e-03	3.397470e-01
9.399999999999548e-03	3.395400e-01
9.409999999999547e-03	3.393333e-01
9.419999999999547e-03	3.391270e-01
9.429999999999546e-03	3.389211e-01
9.439999999999546e-03	3.387155e-01
9.449999999999546e-03	3.385103e-01
9.459999999999545e-03	3.383055e-01
9.469999999999545e-03	3.381011e-01
9.479999999999544e-03	3.378971e-01
9.489999999999544e-03	3.376934e-01
9.499999999999544e-03	3.374901e-01
9.509999999999543e-03	3.372872e-01
9.519999999999543e-03	3.370846e-01
9.529999999999542e-03	3.368824e-01
9.539999999999542e-03	3.366806e-01
9.549999999999541e-03	3.364791e-01
9.559999999999541e-03	3.362780e-01
9.569999999999541e-03	3.360773e-01
9.579999999999540e-03	3.358769e-01
9.589999999999540e-03	3.356769e-01
9.599999999999539e-03	3.354773e-01
9.609999999999539e-03	3.352780e-01
9.619999999999539e-03	3.350791e-01
9.629999999999538e-03	3.348806e-01
9.639999999999538e-03	3.346824e-01
9.649999999999537e-03	3.344846e-01
9.659999999999537e-03	3.342871e-01
9.669999999999537e-03	3.340900e-01
9.679999999999536e-03	3.338932e-01
9.689999999999536e-03	3.336969e-01
9.699999999999535e-03	3.335008e-01
9.709999999999535e-03	3.333052e-01
9.719999999999535e-03	3.331098e-01
9.729999999999534e-03	3.329149e-01
9.739999999999534e-03	3.327202e-01
9.749999999999533e-03	3.325260e-01
9.759999999999533e-03	3.323321e-01
9.769999999999533e-03	3.321385e-01
9.779999999999532e-03	3.319453e-01
9.789999999999532e-03	3.317525e-01
9.799999999999531e-03	3.315600e-01
9.809999999999531e-03	3.313679e-01
9.819999999999530e-03	3.311760e-01
9.829999999999530e-03	3.309846e-01
9.839999999999530e-03	3.307935e-01
9.849999999999529e-03	3.306027e-01
9.859999999999529e-03	3.304123e-01
9.869999999999528e-03	3.302222e-01
9.879999999999528e-03	3.300325e-01
9.889999999999528e-03	3.298431e-01
9.899999999999527e-03	3.296540e-01
9.909999999999527e-03	3.294654e-01
9.919999999999526e-03	3.292770e-01
9.929999999999526e-03	3.290890e-01
9.939999999999526e-03	3.289013e-01
9.949999999999525e-03	3.287140e-01
9.959999999999525e-03	3.285269e-01
9.969999999999524e-03	3.283403e-01
9.979999999999524e-03	3.281539e-01
9.989999999999524e-03	3.279680e-01
1.000000000000000e-02	3.277823e-01
